Sample	FastQC_mqc-generalstats-fastqc-percent_duplicates	FastQC_mqc-generalstats-fastqc-percent_gc	FastQC_mqc-generalstats-fastqc-avg_sequence_length	FastQC_mqc-generalstats-fastqc-percent_fails	FastQC_mqc-generalstats-fastqc-total_sequences
RR8_LVR_BSL_ISS-T_OLD_BI1_R1_raw	64.07822525590822	47.0	149.0	36.36363636363637	54477267.0
RR8_LVR_BSL_ISS-T_OLD_BI1_R2_raw	77.43937234730654	48.0	149.0	36.36363636363637	54477267.0
RR8_LVR_BSL_ISS-T_OLD_BI2_R1_raw	67.41968013112239	44.0	149.0	27.27272727272727	61115053.0
RR8_LVR_BSL_ISS-T_OLD_BI2_R2_raw	73.84500460558324	44.0	149.0	36.36363636363637	61115053.0
RR8_LVR_BSL_ISS-T_OLD_BI3_R1_raw	64.49185731830059	49.0	149.0	27.27272727272727	63712483.0
RR8_LVR_BSL_ISS-T_OLD_BI3_R2_raw	83.49713161322674	49.0	149.0	27.27272727272727	63712483.0
RR8_LVR_BSL_ISS-T_OLD_BI4_R1_raw	65.90539816458795	44.0	149.0	27.27272727272727	63108146.0
RR8_LVR_BSL_ISS-T_OLD_BI4_R2_raw	76.50880984792202	44.0	149.0	36.36363636363637	63108146.0
RR8_LVR_BSL_ISS-T_OLD_BI5_R1_raw	60.71175155020392	47.0	149.0	27.27272727272727	56208952.0
RR8_LVR_BSL_ISS-T_OLD_BI5_R2_raw	74.47901403459583	48.0	149.0	27.27272727272727	56208952.0
RR8_LVR_BSL_ISS-T_OLD_BI6_R1_raw	72.74253368853498	43.0	149.0	36.36363636363637	61969509.0
RR8_LVR_BSL_ISS-T_OLD_BI6_R2_raw	80.99721537297137	44.0	149.0	45.45454545454545	61969509.0
RR8_LVR_BSL_ISS-T_OLD_BI7_R1_raw	67.77732287237833	45.0	149.0	36.36363636363637	63099811.0
RR8_LVR_BSL_ISS-T_OLD_BI7_R2_raw	80.79156365082218	45.0	149.0	45.45454545454545	63099811.0
RR8_LVR_BSL_ISS-T_OLD_BI8_R1_raw	61.97891243917715	50.0	149.0	27.27272727272727	82765564.0
RR8_LVR_BSL_ISS-T_OLD_BI8_R2_raw	81.77444131278847	50.0	149.0	36.36363636363637	82765564.0
RR8_LVR_BSL_ISS-T_OLD_BI9_R1_raw	60.62157130008183	45.0	149.0	18.181818181818183	60838427.0
RR8_LVR_BSL_ISS-T_OLD_BI9_R2_raw	75.37483926669083	46.0	149.0	27.27272727272727	60838427.0
RR8_LVR_BSL_ISS-T_YNG_BI11_R1_raw	58.28495759680939	49.0	149.0	18.181818181818183	62381689.0
RR8_LVR_BSL_ISS-T_YNG_BI11_R2_raw	78.01372169523522	49.0	149.0	27.27272727272727	62381689.0
RR8_LVR_BSL_ISS-T_YNG_BI12_R1_raw	65.51963298683529	46.0	149.0	18.181818181818183	57800093.0
RR8_LVR_BSL_ISS-T_YNG_BI12_R2_raw	79.67058972124795	46.0	149.0	27.27272727272727	57800093.0
RR8_LVR_BSL_ISS-T_YNG_BI13_R1_raw	60.54643211152748	47.0	149.0	18.181818181818183	61620904.0
RR8_LVR_BSL_ISS-T_YNG_BI13_R2_raw	79.27082321118692	48.0	149.0	27.27272727272727	61620904.0
RR8_LVR_BSL_ISS-T_YNG_BI14_R1_raw	63.773107164427685	49.0	149.0	18.181818181818183	70028229.0
RR8_LVR_BSL_ISS-T_YNG_BI14_R2_raw	79.0420948008169	49.0	149.0	18.181818181818183	70028229.0
RR8_LVR_BSL_ISS-T_YNG_BI15_R1_raw	59.99925873544647	44.0	149.0	36.36363636363637	58206630.0
RR8_LVR_BSL_ISS-T_YNG_BI15_R2_raw	72.63201846750046	45.0	149.0	36.36363636363637	58206630.0
RR8_LVR_BSL_ISS-T_YNG_BI16_R1_raw	52.79370454908239	47.0	149.0	27.27272727272727	57816247.0
RR8_LVR_BSL_ISS-T_YNG_BI16_R2_raw	69.26476766090842	48.0	149.0	27.27272727272727	57816247.0
RR8_LVR_BSL_ISS-T_YNG_BI17_R1_raw	62.59382052848302	50.0	149.0	27.27272727272727	65983709.0
RR8_LVR_BSL_ISS-T_YNG_BI17_R2_raw	78.42736070530714	50.0	149.0	27.27272727272727	65983709.0
RR8_LVR_BSL_ISS-T_YNG_BI18_R1_raw	62.31874363923944	48.0	149.0	18.181818181818183	65350801.0
RR8_LVR_BSL_ISS-T_YNG_BI18_R2_raw	76.04075549127285	48.0	149.0	18.181818181818183	65350801.0
RR8_LVR_BSL_ISS-T_YNG_BI19_R1_raw	67.01375881997349	44.0	149.0	27.27272727272727	69636981.0
RR8_LVR_BSL_ISS-T_YNG_BI19_R2_raw	80.77636601518438	44.0	149.0	27.27272727272727	69636981.0
RR8_LVR_BSL_ISS-T_YNG_BI20_R1_raw	66.42902735855188	45.0	149.0	18.181818181818183	64501187.0
RR8_LVR_BSL_ISS-T_YNG_BI20_R2_raw	78.99896254825944	46.0	149.0	27.27272727272727	64501187.0
RR8_LVR_BSL_LAR_OLD_BL11_R1_raw	67.09848818862477	48.0	149.0	27.27272727272727	64802936.0
RR8_LVR_BSL_LAR_OLD_BL11_R2_raw	81.61077737362204	48.0	149.0	18.181818181818183	64802936.0
RR8_LVR_BSL_LAR_OLD_BL12_R1_raw	66.09768042965885	50.0	149.0	36.36363636363637	66665071.0
RR8_LVR_BSL_LAR_OLD_BL12_R2_raw	79.84930905561801	50.0	149.0	45.45454545454545	66665071.0
RR8_LVR_BSL_LAR_OLD_BL13_R1_raw	63.90943112388839	45.0	149.0	18.181818181818183	58114464.0
RR8_LVR_BSL_LAR_OLD_BL13_R2_raw	79.3211565898491	46.0	149.0	36.36363636363637	58114464.0
RR8_LVR_BSL_LAR_OLD_BL14_R1_raw	68.69644945317583	44.0	149.0	36.36363636363637	54643114.0
RR8_LVR_BSL_LAR_OLD_BL14_R2_raw	81.2390063296597	44.0	149.0	36.36363636363637	54643114.0
RR8_LVR_BSL_LAR_OLD_BL15_R1_raw	57.910672937227005	46.0	149.0	18.181818181818183	60896606.0
RR8_LVR_BSL_LAR_OLD_BL15_R2_raw	74.47630895681094	46.0	149.0	36.36363636363637	60896606.0
RR8_LVR_BSL_LAR_OLD_BL16_R1_raw	69.32634483518568	47.0	149.0	36.36363636363637	66109396.0
RR8_LVR_BSL_LAR_OLD_BL16_R2_raw	82.03141439306195	47.0	149.0	36.36363636363637	66109396.0
RR8_LVR_BSL_LAR_OLD_BL17_R1_raw	69.72142519505427	51.0	149.0	36.36363636363637	62380229.0
RR8_LVR_BSL_LAR_OLD_BL17_R2_raw	79.35082626133342	51.0	149.0	45.45454545454545	62380229.0
RR8_LVR_BSL_LAR_OLD_BL18_R1_raw	68.53437806712432	50.0	149.0	27.27272727272727	56823222.0
RR8_LVR_BSL_LAR_OLD_BL18_R2_raw	84.50790801384925	50.0	149.0	27.27272727272727	56823222.0
RR8_LVR_BSL_LAR_OLD_BL19_R1_raw	60.68025560153735	49.0	149.0	27.27272727272727	58097905.0
RR8_LVR_BSL_LAR_OLD_BL19_R2_raw	77.73450491910238	50.0	149.0	45.45454545454545	58097905.0
RR8_LVR_BSL_LAR_OLD_BL20_R1_raw	71.31893551173278	51.0	149.0	36.36363636363637	56976589.0
RR8_LVR_BSL_LAR_OLD_BL20_R2_raw	80.63311321365485	52.0	149.0	45.45454545454545	56976589.0
RR8_LVR_BSL_LAR_YNG_BL10_R1_raw	62.979299987981626	45.0	149.0	27.27272727272727	59246766.0
RR8_LVR_BSL_LAR_YNG_BL10_R2_raw	75.68229676924736	46.0	149.0	36.36363636363637	59246766.0
RR8_LVR_BSL_LAR_YNG_BL1_R1_raw	73.0314643855559	50.0	149.0	36.36363636363637	59557018.0
RR8_LVR_BSL_LAR_YNG_BL1_R2_raw	82.89600690294243	51.0	149.0	45.45454545454545	59557018.0
RR8_LVR_BSL_LAR_YNG_BL2_R1_raw	69.35559383640165	43.0	149.0	18.181818181818183	54003703.0
RR8_LVR_BSL_LAR_YNG_BL2_R2_raw	82.81664567308015	43.0	149.0	27.27272727272727	54003703.0
RR8_LVR_BSL_LAR_YNG_BL4_R1_raw	77.63276129591905	52.0	149.0	45.45454545454545	56734921.0
RR8_LVR_BSL_LAR_YNG_BL4_R2_raw	84.38475123654348	52.0	149.0	45.45454545454545	56734921.0
RR8_LVR_BSL_LAR_YNG_BL5_R1_raw	71.42670510987082	50.0	149.0	27.27272727272727	61343673.0
RR8_LVR_BSL_LAR_YNG_BL5_R2_raw	84.91731458018023	50.0	149.0	36.36363636363637	61343673.0
RR8_LVR_BSL_LAR_YNG_BL6_R1_raw	72.9966848388973	51.0	149.0	36.36363636363637	60909317.0
RR8_LVR_BSL_LAR_YNG_BL6_R2_raw	82.19329660894718	52.0	149.0	45.45454545454545	60909317.0
RR8_LVR_BSL_LAR_YNG_BL7_R1_raw	78.02610788104181	55.0	149.0	36.36363636363637	55178075.0
RR8_LVR_BSL_LAR_YNG_BL7_R2_raw	88.32184748741885	54.0	149.0	36.36363636363637	55178075.0
RR8_LVR_BSL_LAR_YNG_BL8_R1_raw	69.37306043228594	50.0	149.0	27.27272727272727	56464258.0
RR8_LVR_BSL_LAR_YNG_BL8_R2_raw	84.74538055723343	50.0	149.0	45.45454545454545	56464258.0
RR8_LVR_BSL_LAR_YNG_BL9_R1_raw	80.42725185079924	49.0	149.0	27.27272727272727	57894839.0
RR8_LVR_BSL_LAR_YNG_BL9_R2_raw	88.96339159022675	48.0	149.0	36.36363636363637	57894839.0
RR8_LVR_FLT_ISS-T_OLD_FI11_R1_raw	65.3128671086788	46.0	149.0	18.181818181818183	60650732.0
RR8_LVR_FLT_ISS-T_OLD_FI11_R2_raw	77.67042167179181	47.0	149.0	27.27272727272727	60650732.0
RR8_LVR_FLT_ISS-T_OLD_FI12_R1_raw	64.41435918559705	46.0	149.0	27.27272727272727	54890365.0
RR8_LVR_FLT_ISS-T_OLD_FI12_R2_raw	81.2758334559513	46.0	149.0	27.27272727272727	54890365.0
RR8_LVR_FLT_ISS-T_OLD_FI13_R1_raw	70.51943590616287	43.0	149.0	27.27272727272727	61252641.0
RR8_LVR_FLT_ISS-T_OLD_FI13_R2_raw	84.24445862460544	43.0	149.0	27.27272727272727	61252641.0
RR8_LVR_FLT_ISS-T_OLD_FI14_R1_raw	63.929135193339434	47.0	149.0	27.27272727272727	65021384.0
RR8_LVR_FLT_ISS-T_OLD_FI14_R2_raw	80.45707824133456	48.0	149.0	27.27272727272727	65021384.0
RR8_LVR_FLT_ISS-T_OLD_FI15_R1_raw	66.45206176607232	47.0	149.0	18.181818181818183	62429007.0
RR8_LVR_FLT_ISS-T_OLD_FI15_R2_raw	76.11626999362917	47.0	149.0	36.36363636363637	62429007.0
RR8_LVR_FLT_ISS-T_OLD_FI16_R1_raw	67.52348917347268	46.0	149.0	27.27272727272727	66531392.0
RR8_LVR_FLT_ISS-T_OLD_FI16_R2_raw	79.10322186596689	46.0	149.0	27.27272727272727	66531392.0
RR8_LVR_FLT_ISS-T_OLD_FI17_R1_raw	58.91610983772531	47.0	149.0	18.181818181818183	59533317.0
RR8_LVR_FLT_ISS-T_OLD_FI17_R2_raw	73.48344765771799	47.0	149.0	27.27272727272727	59533317.0
RR8_LVR_FLT_ISS-T_OLD_FI18_R1_raw	66.959645791447	46.0	149.0	36.36363636363637	66942709.0
RR8_LVR_FLT_ISS-T_OLD_FI18_R2_raw	81.06110089416595	46.0	149.0	45.45454545454545	66942709.0
RR8_LVR_FLT_ISS-T_OLD_FI19_R1_raw	68.64196607713154	44.0	149.0	36.36363636363637	56520196.0
RR8_LVR_FLT_ISS-T_OLD_FI19_R2_raw	83.31532474905029	44.0	149.0	27.27272727272727	56520196.0
RR8_LVR_FLT_ISS-T_OLD_FI20_R1_raw	59.97266377515545	50.0	149.0	27.27272727272727	62142843.0
RR8_LVR_FLT_ISS-T_OLD_FI20_R2_raw	75.06627292987157	50.0	149.0	27.27272727272727	62142843.0
RR8_LVR_FLT_ISS-T_YNG_FI10_R1_raw	64.90496298553575	46.0	149.0	45.45454545454545	53569082.0
RR8_LVR_FLT_ISS-T_YNG_FI10_R2_raw	80.182656294498	47.0	149.0	36.36363636363637	53569082.0
RR8_LVR_FLT_ISS-T_YNG_FI1_R1_raw	68.41950482316358	45.0	149.0	36.36363636363637	63471390.0
RR8_LVR_FLT_ISS-T_YNG_FI1_R2_raw	81.8143162493621	46.0	149.0	45.45454545454545	63471390.0
RR8_LVR_FLT_ISS-T_YNG_FI2_R1_raw	72.21585342403174	45.0	149.0	18.181818181818183	52088381.0
RR8_LVR_FLT_ISS-T_YNG_FI2_R2_raw	76.21997920171486	46.0	149.0	45.45454545454545	52088381.0
RR8_LVR_FLT_ISS-T_YNG_FI3_R1_raw	63.65867169016274	45.0	149.0	36.36363636363637	57385523.0
RR8_LVR_FLT_ISS-T_YNG_FI3_R2_raw	75.89477080687351	46.0	149.0	36.36363636363637	57385523.0
RR8_LVR_FLT_ISS-T_YNG_FI4_R1_raw	61.99011461259787	48.0	149.0	9.090909090909092	60042793.0
RR8_LVR_FLT_ISS-T_YNG_FI4_R2_raw	82.30774232185227	49.0	149.0	18.181818181818183	60042793.0
RR8_LVR_FLT_ISS-T_YNG_FI5_R1_raw	67.81524867784923	43.0	149.0	36.36363636363637	60937291.0
RR8_LVR_FLT_ISS-T_YNG_FI5_R2_raw	82.89218099171397	44.0	149.0	27.27272727272727	60937291.0
RR8_LVR_FLT_ISS-T_YNG_FI6_R1_raw	60.973044631604026	48.0	149.0	9.090909090909092	62510026.0
RR8_LVR_FLT_ISS-T_YNG_FI6_R2_raw	81.3962557928696	49.0	149.0	27.27272727272727	62510026.0
RR8_LVR_FLT_ISS-T_YNG_FI7_R1_raw	61.12601367640952	49.0	149.0	18.181818181818183	64756484.0
RR8_LVR_FLT_ISS-T_YNG_FI7_R2_raw	77.65984538081722	49.0	149.0	18.181818181818183	64756484.0
RR8_LVR_FLT_ISS-T_YNG_FI8_R1_raw	71.09798620406286	43.0	149.0	36.36363636363637	63682512.0
RR8_LVR_FLT_ISS-T_YNG_FI8_R2_raw	85.58550104263875	44.0	149.0	36.36363636363637	63682512.0
RR8_LVR_FLT_ISS-T_YNG_FI9_R1_raw	60.55783226290311	49.0	149.0	9.090909090909092	58411022.0
RR8_LVR_FLT_ISS-T_YNG_FI9_R2_raw	80.61914612477011	49.0	149.0	27.27272727272727	58411022.0
RR8_LVR_FLT_LAR_OLD_FL11_R1_raw	67.24604223198955	50.0	149.0	36.36363636363637	58506636.0
RR8_LVR_FLT_LAR_OLD_FL11_R2_raw	79.89606379989512	50.0	149.0	45.45454545454545	58506636.0
RR8_LVR_FLT_LAR_OLD_FL15_R1_raw	68.20481366721924	51.0	149.0	27.27272727272727	74005178.0
RR8_LVR_FLT_LAR_OLD_FL15_R2_raw	83.73287621707688	51.0	149.0	45.45454545454545	74005178.0
RR8_LVR_FLT_LAR_OLD_FL16_R1_raw	72.36548523835505	51.0	149.0	27.27272727272727	67045164.0
RR8_LVR_FLT_LAR_OLD_FL16_R2_raw	85.47110133447589	51.0	149.0	36.36363636363637	67045164.0
RR8_LVR_FLT_LAR_OLD_FL3_R1_raw	73.04965200987711	50.0	149.0	36.36363636363637	59686236.0
RR8_LVR_FLT_LAR_OLD_FL3_R2_raw	82.52660750537662	51.0	149.0	45.45454545454545	59686236.0
RR8_LVR_FLT_LAR_OLD_FL4_R1_raw	72.90765514753943	51.0	149.0	27.27272727272727	62158176.0
RR8_LVR_FLT_LAR_OLD_FL4_R2_raw	85.17882266382304	51.0	149.0	36.36363636363637	62158176.0
RR8_LVR_FLT_LAR_OLD_FL7_R1_raw	68.32026651077388	47.0	149.0	36.36363636363637	57908925.0
RR8_LVR_FLT_LAR_OLD_FL7_R2_raw	84.0235608767163	48.0	149.0	45.45454545454545	57908925.0
RR8_LVR_FLT_LAR_OLD_FL8_R1_raw	68.16230669827763	49.0	149.0	27.27272727272727	64016078.0
RR8_LVR_FLT_LAR_OLD_FL8_R2_raw	82.15384235945058	48.0	149.0	36.36363636363637	64016078.0
RR8_LVR_FLT_LAR_YNG_FL13_R1_raw	65.15027860676703	49.0	149.0	18.181818181818183	58709566.0
RR8_LVR_FLT_LAR_YNG_FL13_R2_raw	82.95303636598881	49.0	149.0	27.27272727272727	58709566.0
RR8_LVR_FLT_LAR_YNG_FL14_R1_raw	61.86864777888507	49.0	149.0	18.181818181818183	61534742.0
RR8_LVR_FLT_LAR_YNG_FL14_R2_raw	81.46346398201369	49.0	149.0	27.27272727272727	61534742.0
RR8_LVR_FLT_LAR_YNG_FL17_R1_raw	77.57716665711321	51.0	149.0	27.27272727272727	53321399.0
RR8_LVR_FLT_LAR_YNG_FL17_R2_raw	87.31466681313545	51.0	149.0	45.45454545454545	53321399.0
RR8_LVR_FLT_LAR_YNG_FL18_R1_raw	73.67751850641962	52.0	149.0	36.36363636363637	63051538.0
RR8_LVR_FLT_LAR_YNG_FL18_R2_raw	85.31154420718774	52.0	149.0	45.45454545454545	63051538.0
RR8_LVR_FLT_LAR_YNG_FL1_R1_raw	67.68187538688947	44.0	149.0	45.45454545454545	56031979.0
RR8_LVR_FLT_LAR_YNG_FL1_R2_raw	80.44871692305671	45.0	149.0	36.36363636363637	56031979.0
RR8_LVR_FLT_LAR_YNG_FL2_R1_raw	67.62301611337975	50.0	149.0	27.27272727272727	60432491.0
RR8_LVR_FLT_LAR_YNG_FL2_R2_raw	83.52380137618218	50.0	149.0	27.27272727272727	60432491.0
RR8_LVR_FLT_LAR_YNG_FL5_R1_raw	74.88399565322449	54.0	149.0	27.27272727272727	54625569.0
RR8_LVR_FLT_LAR_YNG_FL5_R2_raw	87.29438433833276	53.0	149.0	36.36363636363637	54625569.0
RR8_LVR_FLT_LAR_YNG_FL6_R1_raw	76.16417893564045	51.0	149.0	27.27272727272727	65870726.0
RR8_LVR_FLT_LAR_YNG_FL6_R2_raw	84.61551085812789	51.0	149.0	36.36363636363637	65870726.0
RR8_LVR_GC_ISS-T_OLD_GI11_R1_raw	63.71431371261412	46.0	149.0	36.36363636363637	63321975.0
RR8_LVR_GC_ISS-T_OLD_GI11_R2_raw	75.23155229291753	46.0	149.0	27.27272727272727	63321975.0
RR8_LVR_GC_ISS-T_OLD_GI12_R1_raw	60.83065770940338	49.0	149.0	27.27272727272727	60728308.0
RR8_LVR_GC_ISS-T_OLD_GI12_R2_raw	76.55725622394368	49.0	149.0	27.27272727272727	60728308.0
RR8_LVR_GC_ISS-T_OLD_GI13_R1_raw	65.8307960745676	45.0	149.0	18.181818181818183	78745538.0
RR8_LVR_GC_ISS-T_OLD_GI13_R2_raw	80.64496097334244	45.0	149.0	18.181818181818183	78745538.0
RR8_LVR_GC_ISS-T_OLD_GI14_R1_raw	63.48825474352893	44.0	149.0	27.27272727272727	59546304.0
RR8_LVR_GC_ISS-T_OLD_GI14_R2_raw	74.3680726531808	45.0	149.0	27.27272727272727	59546304.0
RR8_LVR_GC_ISS-T_OLD_GI15_R1_raw	67.09961084040498	45.0	149.0	36.36363636363637	57013617.0
RR8_LVR_GC_ISS-T_OLD_GI15_R2_raw	81.8456969033779	45.0	149.0	36.36363636363637	57013617.0
RR8_LVR_GC_ISS-T_OLD_GI16_R1_raw	64.20102657170045	46.0	149.0	45.45454545454545	59297280.0
RR8_LVR_GC_ISS-T_OLD_GI16_R2_raw	79.94636973572163	46.0	149.0	36.36363636363637	59297280.0
RR8_LVR_GC_ISS-T_OLD_GI17_R1_raw	57.62986601244482	48.0	149.0	18.181818181818183	61279256.0
RR8_LVR_GC_ISS-T_OLD_GI17_R2_raw	72.22157658241005	49.0	149.0	27.27272727272727	61279256.0
RR8_LVR_GC_ISS-T_OLD_GI18_R1_raw	64.89248407100038	49.0	149.0	36.36363636363637	67705676.0
RR8_LVR_GC_ISS-T_OLD_GI18_R2_raw	78.79859718324519	49.0	149.0	45.45454545454545	67705676.0
RR8_LVR_GC_ISS-T_OLD_GI19_R1_raw	60.18571692866932	49.0	149.0	18.181818181818183	63212655.0
RR8_LVR_GC_ISS-T_OLD_GI19_R2_raw	80.11221860346622	49.0	149.0	27.27272727272727	63212655.0
RR8_LVR_GC_ISS-T_OLD_GI20_R1_raw	65.16170046963992	45.0	149.0	45.45454545454545	57789247.0
RR8_LVR_GC_ISS-T_OLD_GI20_R2_raw	79.32208296127446	46.0	149.0	45.45454545454545	57789247.0
RR8_LVR_GC_ISS-T_YNG_GI10_R1_raw	67.59172217855318	47.0	149.0	27.27272727272727	60117931.0
RR8_LVR_GC_ISS-T_YNG_GI10_R2_raw	80.16632121982946	47.0	149.0	45.45454545454545	60117931.0
RR8_LVR_GC_ISS-T_YNG_GI1_R1_raw	64.303121980636	48.0	149.0	18.181818181818183	61784243.0
RR8_LVR_GC_ISS-T_YNG_GI1_R2_raw	77.51831903405825	48.0	149.0	27.27272727272727	61784243.0
RR8_LVR_GC_ISS-T_YNG_GI2_R1_raw	66.08520096583136	44.0	149.0	27.27272727272727	58128213.0
RR8_LVR_GC_ISS-T_YNG_GI2_R2_raw	77.03151381787151	45.0	149.0	27.27272727272727	58128213.0
RR8_LVR_GC_ISS-T_YNG_GI3_R1_raw	65.53878562900377	47.0	149.0	18.181818181818183	66985591.0
RR8_LVR_GC_ISS-T_YNG_GI3_R2_raw	82.24746123520282	47.0	149.0	36.36363636363637	66985591.0
RR8_LVR_GC_ISS-T_YNG_GI4_R1_raw	63.88397995478706	48.0	149.0	18.181818181818183	61121963.0
RR8_LVR_GC_ISS-T_YNG_GI4_R2_raw	77.15442877773702	48.0	149.0	27.27272727272727	61121963.0
RR8_LVR_GC_ISS-T_YNG_GI5_R1_raw	66.13583313692956	48.0	149.0	36.36363636363637	67607075.0
RR8_LVR_GC_ISS-T_YNG_GI5_R2_raw	79.32031509199865	48.0	149.0	45.45454545454545	67607075.0
RR8_LVR_GC_ISS-T_YNG_GI6_R1_raw	64.26424590247194	48.0	149.0	18.181818181818183	62799950.0
RR8_LVR_GC_ISS-T_YNG_GI6_R2_raw	80.8258410857715	48.0	149.0	18.181818181818183	62799950.0
RR8_LVR_GC_ISS-T_YNG_GI7_R1_raw	63.36739348993993	47.0	149.0	36.36363636363637	61685098.0
RR8_LVR_GC_ISS-T_YNG_GI7_R2_raw	75.7283803410067	48.0	149.0	27.27272727272727	61685098.0
RR8_LVR_GC_ISS-T_YNG_GI8_R1_raw	62.75232198992069	46.0	149.0	9.090909090909092	56623335.0
RR8_LVR_GC_ISS-T_YNG_GI8_R2_raw	81.370329350922	47.0	149.0	27.27272727272727	56623335.0
RR8_LVR_GC_ISS-T_YNG_GI9_R1_raw	66.70407554072676	45.0	149.0	27.27272727272727	55079045.0
RR8_LVR_GC_ISS-T_YNG_GI9_R2_raw	78.17140933954938	46.0	149.0	45.45454545454545	55079045.0
RR8_LVR_GC_LAR_OLD_GL11_R1_raw	69.95703741784466	51.0	149.0	27.27272727272727	64657607.0
RR8_LVR_GC_LAR_OLD_GL11_R2_raw	81.42705608551533	51.0	149.0	45.45454545454545	64657607.0
RR8_LVR_GC_LAR_OLD_GL12_R1_raw	69.3050031948198	48.0	149.0	27.27272727272727	55726696.0
RR8_LVR_GC_LAR_OLD_GL12_R2_raw	81.25787479559818	48.0	149.0	36.36363636363637	55726696.0
RR8_LVR_GC_LAR_OLD_GL15_R1_raw	63.30866003212299	49.0	149.0	9.090909090909092	64459418.0
RR8_LVR_GC_LAR_OLD_GL15_R2_raw	81.8534629639921	49.0	149.0	18.181818181818183	64459418.0
RR8_LVR_GC_LAR_OLD_GL3_R1_raw	65.94511231269132	43.0	149.0	18.181818181818183	55346151.0
RR8_LVR_GC_LAR_OLD_GL3_R2_raw	79.65014947735216	44.0	149.0	36.36363636363637	55346151.0
RR8_LVR_GC_LAR_OLD_GL4_R1_raw	73.90757202940262	51.0	149.0	36.36363636363637	65000846.0
RR8_LVR_GC_LAR_OLD_GL4_R2_raw	83.38439991552589	51.0	149.0	36.36363636363637	65000846.0
RR8_LVR_GC_LAR_OLD_GL7_R1_raw	68.95926467376802	50.0	149.0	36.36363636363637	62697603.0
RR8_LVR_GC_LAR_OLD_GL7_R2_raw	83.99103872100049	51.0	149.0	45.45454545454545	62697603.0
RR8_LVR_GC_LAR_OLD_GL8_R1_raw	67.4384866271	46.0	149.0	27.27272727272727	65011814.0
RR8_LVR_GC_LAR_OLD_GL8_R2_raw	80.5182480791582	47.0	149.0	36.36363636363637	65011814.0
RR8_LVR_GC_LAR_YNG_GL13_R1_raw	68.45793446065727	50.0	149.0	27.27272727272727	66001939.0
RR8_LVR_GC_LAR_YNG_GL13_R2_raw	81.42739999209682	50.0	149.0	36.36363636363637	66001939.0
RR8_LVR_GC_LAR_YNG_GL14_R1_raw	67.29163853784166	49.0	149.0	27.27272727272727	52003786.0
RR8_LVR_GC_LAR_YNG_GL14_R2_raw	80.82722984346796	48.0	149.0	27.27272727272727	52003786.0
RR8_LVR_GC_LAR_YNG_GL17_R1_raw	62.325549392866606	49.0	149.0	18.181818181818183	58573489.0
RR8_LVR_GC_LAR_YNG_GL17_R2_raw	80.94414036757202	50.0	149.0	27.27272727272727	58573489.0
RR8_LVR_GC_LAR_YNG_GL18_R1_raw	74.69597623630179	52.0	149.0	36.36363636363637	68116267.0
RR8_LVR_GC_LAR_YNG_GL18_R2_raw	86.38444810801138	52.0	149.0	45.45454545454545	68116267.0
RR8_LVR_GC_LAR_YNG_GL1_R1_raw	68.71118258234226	50.0	149.0	36.36363636363637	52868942.0
RR8_LVR_GC_LAR_YNG_GL1_R2_raw	78.20288735153281	51.0	149.0	45.45454545454545	52868942.0
RR8_LVR_GC_LAR_YNG_GL2_R1_raw	71.52248139439864	50.0	149.0	27.27272727272727	55703459.0
RR8_LVR_GC_LAR_YNG_GL2_R2_raw	83.22765072805475	49.0	149.0	45.45454545454545	55703459.0
RR8_LVR_GC_LAR_YNG_GL5_R1_raw	68.14051363247546	49.0	149.0	36.36363636363637	59764427.0
RR8_LVR_GC_LAR_YNG_GL5_R2_raw	81.77528692695086	49.0	149.0	45.45454545454545	59764427.0
RR8_LVR_GC_LAR_YNG_GL6_R1_raw	71.7010122359439	51.0	149.0	27.27272727272727	60363932.0
RR8_LVR_GC_LAR_YNG_GL6_R2_raw	85.34563338630275	50.0	149.0	45.45454545454545	60363932.0
RR8_LVR_VIV_ISS-T_OLD_VI11_R1_raw	61.293332469816335	46.0	149.0	18.181818181818183	63291433.0
RR8_LVR_VIV_ISS-T_OLD_VI11_R2_raw	74.96247513531107	46.0	149.0	18.181818181818183	63291433.0
RR8_LVR_VIV_ISS-T_OLD_VI12_R1_raw	67.52375005245295	51.0	149.0	36.36363636363637	58541597.0
RR8_LVR_VIV_ISS-T_OLD_VI12_R2_raw	79.21537691175303	51.0	149.0	45.45454545454545	58541597.0
RR8_LVR_VIV_ISS-T_OLD_VI13_R1_raw	60.45800528131237	49.0	149.0	27.27272727272727	63855348.0
RR8_LVR_VIV_ISS-T_OLD_VI13_R2_raw	78.72311313401347	49.0	149.0	27.27272727272727	63855348.0
RR8_LVR_VIV_ISS-T_OLD_VI14_R1_raw	55.43807504619474	46.0	149.0	27.27272727272727	57186259.0
RR8_LVR_VIV_ISS-T_OLD_VI14_R2_raw	68.12654848672342	47.0	149.0	27.27272727272727	57186259.0
RR8_LVR_VIV_ISS-T_OLD_VI16_R1_raw	65.39363829325868	46.0	149.0	27.27272727272727	59789178.0
RR8_LVR_VIV_ISS-T_OLD_VI16_R2_raw	81.03555155407437	46.0	149.0	27.27272727272727	59789178.0
RR8_LVR_VIV_ISS-T_OLD_VI17_R1_raw	66.68731117702845	48.0	149.0	27.27272727272727	52055220.0
RR8_LVR_VIV_ISS-T_OLD_VI17_R2_raw	84.36937190376631	48.0	149.0	36.36363636363637	52055220.0
RR8_LVR_VIV_ISS-T_OLD_VI18_R1_raw	60.55230865344588	49.0	149.0	18.181818181818183	60269383.0
RR8_LVR_VIV_ISS-T_OLD_VI18_R2_raw	76.8996788146456	49.0	149.0	18.181818181818183	60269383.0
RR8_LVR_VIV_ISS-T_OLD_VI19_R1_raw	59.51606026845614	49.0	149.0	18.181818181818183	61423884.0
RR8_LVR_VIV_ISS-T_OLD_VI19_R2_raw	79.55902642263406	49.0	149.0	18.181818181818183	61423884.0
RR8_LVR_VIV_ISS-T_YNG_VI10_R1_raw	61.77130017695506	48.0	149.0	27.27272727272727	62889107.0
RR8_LVR_VIV_ISS-T_YNG_VI10_R2_raw	75.6940483712977	48.0	149.0	18.181818181818183	62889107.0
RR8_LVR_VIV_ISS-T_YNG_VI1_R1_raw	60.1367515422285	49.0	149.0	36.36363636363637	59936794.0
RR8_LVR_VIV_ISS-T_YNG_VI1_R2_raw	76.5527599631292	50.0	149.0	45.45454545454545	59936794.0
RR8_LVR_VIV_ISS-T_YNG_VI2_R1_raw	67.17431171321181	44.0	149.0	36.36363636363637	54931373.0
RR8_LVR_VIV_ISS-T_YNG_VI2_R2_raw	82.90292989372959	45.0	149.0	27.27272727272727	54931373.0
RR8_LVR_VIV_ISS-T_YNG_VI3_R1_raw	62.864282358101825	49.0	149.0	27.27272727272727	61889344.0
RR8_LVR_VIV_ISS-T_YNG_VI3_R2_raw	76.28376092417369	49.0	149.0	27.27272727272727	61889344.0
RR8_LVR_VIV_ISS-T_YNG_VI4_R1_raw	56.675261144903054	50.0	149.0	36.36363636363637	59453000.0
RR8_LVR_VIV_ISS-T_YNG_VI4_R2_raw	71.10535669754066	51.0	149.0	27.27272727272727	59453000.0
RR8_LVR_VIV_ISS-T_YNG_VI5_R1_raw	61.50469201146437	49.0	149.0	27.27272727272727	60865401.0
RR8_LVR_VIV_ISS-T_YNG_VI5_R2_raw	79.5441166399115	49.0	149.0	27.27272727272727	60865401.0
RR8_LVR_VIV_ISS-T_YNG_VI6_R1_raw	60.10712615368921	50.0	149.0	18.181818181818183	49298440.0
RR8_LVR_VIV_ISS-T_YNG_VI6_R2_raw	74.79533169913793	50.0	149.0	27.27272727272727	49298440.0
RR8_LVR_VIV_ISS-T_YNG_VI7_R1_raw	64.25068572885564	49.0	149.0	27.27272727272727	57341893.0
RR8_LVR_VIV_ISS-T_YNG_VI7_R2_raw	80.52754502833967	49.0	149.0	36.36363636363637	57341893.0
RR8_LVR_VIV_ISS-T_YNG_VI8_R1_raw	59.78792846545965	49.0	149.0	27.27272727272727	59096180.0
RR8_LVR_VIV_ISS-T_YNG_VI8_R2_raw	78.20104287809362	49.0	149.0	27.27272727272727	59096180.0
RR8_LVR_VIV_LAR_OLD_VL11_R1_raw	63.08585559516118	46.0	149.0	18.181818181818183	56543547.0
RR8_LVR_VIV_LAR_OLD_VL11_R2_raw	77.23858723255012	46.0	149.0	27.27272727272727	56543547.0
RR8_LVR_VIV_LAR_OLD_VL12_R1_raw	67.42253374139108	49.0	149.0	27.27272727272727	66605162.0
RR8_LVR_VIV_LAR_OLD_VL12_R2_raw	81.76365588897733	49.0	149.0	27.27272727272727	66605162.0
RR8_LVR_VIV_LAR_OLD_VL15_R1_raw	68.10428645606284	44.0	149.0	45.45454545454545	59071333.0
RR8_LVR_VIV_LAR_OLD_VL15_R2_raw	80.83462963906615	45.0	149.0	36.36363636363637	59071333.0
RR8_LVR_VIV_LAR_OLD_VL16_R1_raw	74.69004612362482	51.0	149.0	36.36363636363637	56531360.0
RR8_LVR_VIV_LAR_OLD_VL16_R2_raw	83.44528203941357	51.0	149.0	45.45454545454545	56531360.0
RR8_LVR_VIV_LAR_OLD_VL20_R1_raw	72.39600404278775	43.0	149.0	36.36363636363637	66681571.0
RR8_LVR_VIV_LAR_OLD_VL20_R2_raw	83.84828373185249	43.0	149.0	36.36363636363637	66681571.0
RR8_LVR_VIV_LAR_OLD_VL4_R1_raw	72.88253489847341	49.0	149.0	27.27272727272727	61546900.0
RR8_LVR_VIV_LAR_OLD_VL4_R2_raw	85.86548588156354	49.0	149.0	36.36363636363637	61546900.0
RR8_LVR_VIV_LAR_OLD_VL7_R1_raw	67.29484573707263	50.0	149.0	27.27272727272727	58606878.0
RR8_LVR_VIV_LAR_OLD_VL7_R2_raw	80.9897882638714	49.0	149.0	36.36363636363637	58606878.0
RR8_LVR_VIV_LAR_OLD_VL8_R1_raw	68.52999683479817	49.0	149.0	27.27272727272727	61636604.0
RR8_LVR_VIV_LAR_OLD_VL8_R2_raw	82.78333085640097	49.0	149.0	45.45454545454545	61636604.0
RR8_LVR_VIV_LAR_YNG_VL10_R1_raw	71.03109000644577	48.0	149.0	27.27272727272727	63503305.0
RR8_LVR_VIV_LAR_YNG_VL10_R2_raw	82.11348557088786	48.0	149.0	36.36363636363637	63503305.0
RR8_LVR_VIV_LAR_YNG_VL14_R1_raw	65.87779995711199	45.0	149.0	36.36363636363637	65371969.0
RR8_LVR_VIV_LAR_YNG_VL14_R2_raw	80.7602245067495	45.0	149.0	36.36363636363637	65371969.0
RR8_LVR_VIV_LAR_YNG_VL17_R1_raw	76.91128565291943	50.0	149.0	27.27272727272727	62902992.0
RR8_LVR_VIV_LAR_YNG_VL17_R2_raw	86.15300808031864	50.0	149.0	45.45454545454545	62902992.0
RR8_LVR_VIV_LAR_YNG_VL18_R1_raw	72.94651042977974	50.0	149.0	27.27272727272727	56697787.0
RR8_LVR_VIV_LAR_YNG_VL18_R2_raw	85.27827731185808	50.0	149.0	45.45454545454545	56697787.0
RR8_LVR_VIV_LAR_YNG_VL1_R1_raw	68.01435118455936	49.0	149.0	27.27272727272727	63840872.0
RR8_LVR_VIV_LAR_YNG_VL1_R2_raw	83.92326807791522	48.0	149.0	27.27272727272727	63840872.0
RR8_LVR_VIV_LAR_YNG_VL2_R1_raw	72.63375764836093	52.0	149.0	27.27272727272727	62659373.0
RR8_LVR_VIV_LAR_YNG_VL2_R2_raw	83.85025342057543	51.0	149.0	36.36363636363637	62659373.0
RR8_LVR_VIV_LAR_YNG_VL5_R1_raw	71.02609964644368	52.0	149.0	36.36363636363637	60438371.0
RR8_LVR_VIV_LAR_YNG_VL5_R2_raw	83.06330077937649	52.0	149.0	45.45454545454545	60438371.0
RR8_LVR_VIV_LAR_YNG_VL9_R1_raw	78.39826543508656	48.0	149.0	27.27272727272727	67787073.0
RR8_LVR_VIV_LAR_YNG_VL9_R2_raw	89.81029214805336	48.0	149.0	36.36363636363637	67787073.0
